    N  DFT lazos [ms]  DFT matricial [ms]  FFT recursiva [ms]  FFT iterativa [ms]  Aceleracion
-----  --------------  ------------------  ------------------  ------------------  -----------
   32           0.586               0.021               0.104               0.056          0.4
   64           2.222               0.074               0.205               0.100          0.7
  128           8.617               0.263               0.432               0.169          1.6
  256          58.087               1.507               0.924               0.422          3.6
  512                               6.303               1.777               0.710          8.9
 1024                              22.417               3.452               1.917         11.7
 2048                              82.450               6.578               2.542         32.4
 4096                                                  15.448               6.290             
 8192                                                  31.690              12.882             
16384                                                  59.431              20.743             
32768                                                 122.886              48.554             
65536                                                 246.719              86.836             
